19,601,650
90,620
1,111,480
1,128,600
1,237,700
710,970
817,633
835,380
1,138,000
1,283,700
37,510
608,000
350,000
479,000
325,000
957,000
957,000
908,150
72,880
194,500
697,700
593,000
749,900
310,800
222,080
590,000
810,500
461,550
699,600
429,000
196,600
389,000
1,477,700
1,760,000
1,908,730
3,450,000
2,187,061
83,990
19,760
269,000
379,000
390,000
990,000
990,000
990,000
340,000
290,000
389,000
824,500
572,810
347,000
390,000
310,000
457,530
1,038,000
1,038,000
148,200
2,338,330
5,649,000
796,990
822,800
748,000
1,090,630
1,039,500
934,450
2,734,000
2,992,110
96,680
1,641,520,490
361,390
608,000
168,080
249,240
1,744,950
1,557,500
229,000
2,868,560
532,000
1,116,000
1,290,000
1,024,300
29,000
1,000
1,466,400
998,540
819,500
819,500
759,500
753,930
1,262,000
14,317,800
328,250
990,000
390,000
990,000
42,760
31,382,850
990,000
151,200
920,700
34,800
41,490
41,490
288,120
583,100
583,100
925,600
289,000
560,930
639,000
538,450
646,850
799,700
855,800
148,000
350,000
368,550
622,200
427,500
129,000
211,400
475,400
466,440
1
1
1
4,383,700
1
7,590,000
1,979,840
2,915,120
1,359,490
2,221,800
220,000
616,550
481,330
861,800
2,228,610
297,000
40,440
1
831,800
750,300
1,381,800
172,000
950,000
69,000
69,000
69,000
248,500
175,000
990,000
194,950
2,667,200
313,200
627,600
330,750
990,000
160,000
990,000
173,240
658,130
627,600
755,000
2,723,610
534,810
490,000
503,800
606,700
920,700
550,000
837,000
1,082,570
2,500,000
1,113,000
920,700
53,840
920,700
297,000
282,150
396,000
390,000
72,880
920,700
47,110
920,700
920,700
270,000
920,700
579,900
17,670
31,100
904,310
791,050
11,410
22,130
252,200
1,891,100
367,610
220,000
990,000
1,466,970
990,000
130,800
203,900
250,000
624,900
206,000
404,080
26,690
369,000
40,820
920,700
199,000
29,800
