20180801
----------
KRW 553,458
KRW 560,375
20180802
KRW 348,961
KRW 560,228
20180803
KRW 317,487
KRW 562,547
20180804
KRW 566,137
20180805
KRW 298,595
KRW 460,005
20180806
KRW 459,936
20180807
KRW 626,697
KRW 490,442
20180808
KRW 380,435
KRW 499,775
20180809
KRW 470,845
20180810
KRW 483,026
20180811
KRW 576,615
20180812
KRW 485,012
20180813
KRW 662,251
20180814
KRW 633,200
KRW 504,354
20180815
KRW 321,505
KRW 459,173
20180816
KRW 499,824
20180817
KRW 498,396
20180818
KRW 456,131
20180819
KRW 444,390
20180820
KRW 421,966
20180821
KRW 656,185
KRW 478,075
20180822
KRW 460,416
20180823
KRW 318,925
KRW 519,587
20180824
KRW 484,689
20180825
KRW 288,078
20180826
KRW 298,566
KRW 463,507
20180827
KRW 454,301
20180828
KRW 450,133
20180829
KRW 434,577
20180830
KRW 303,213
KRW 422,524
20180831
KRW 310,670
KRW 531,904

